0 0
1 2
2 2
3 0
4 2
5 2
6 2
7 0
8 0
9 2
10 0
11 2
12 2
13 2
14 2
15 0
16 2
17 2
18 2
19 0
20 0
21 2
22 0
23 2
24 2
25 0
26 2
27 2
28 2
29 0
30 2
31 2
32 0
33 2
34 2
35 2
36 0
37 2
38 2
39 2
40 2
41 2
42 2
43 2
44 2
45 2
46 2
47 2
48 2
49 0
50 2
51 0
52 0
53 2
54 2
55 2
56 2
57 2
58 2
59 0
60 2
61 2
62 2
63 2
64 0
65 0
66 2
67 2
68 2
69 2
70 0
71 0
72 0
73 2
74 0
75 0
76 2
77 2
78 2
79 2
80 2
81 0
82 0
83 2
84 0
85 2
86 0
87 0
88 2
89 2
90 2
91 0
92 0
93 2
94 2
95 2
96 2
97 0
98 0
99 2
100 2
101 2
102 2
103 2
104 0
105 2
106 2
107 0
108 2
109 0
110 2
111 0
112 1
113 2
114 2
115 2
116 0
117 0
118 2
119 0
120 2
121 2
122 0
123 0
124 0
125 0
126 2
127 2
128 0
129 0
130 2
131 0
132 0
133 0
134 0
135 2
136 2
137 0
138 0
139 0
140 2
141 0
142 0
143 0
144 0
145 2
146 2
147 0
148 2
149 2
150 2
151 2
152 0
153 2
154 0
155 1
156 2
157 2
158 2
159 0
160 2
161 2
162 0
163 2
164 2
165 2
166 0
167 2
168 2
169 0
170 2
171 2
172 2
173 2
174 2
175 2
176 2
177 0
178 2
179 2
180 0
181 1
182 2
183 2
184 2
185 0
186 2
187 2
188 0
189 2
190 2
191 2
192 0
193 2
194 2
195 2
196 2
197 2
198 2
199 2
200 2
201 2
202 0
203 2
204 2
205 0
206 2
207 2
208 0
209 2
210 0
211 0
212 2
213 2
214 2
215 2
216 2
217 2
218 2
219 0
220 2
221 0
222 2
223 2
224 0
225 2
226 2
227 0
228 2
229 2
230 2
231 2
232 2
233 2
234 2
235 0
236 2
237 2
238 2
239 2
240 2
241 2
242 2
243 0
244 2
245 2
246 0
247 0
248 2
249 2
250 2
251 0
252 2
253 0
254 2
255 0
256 0
257 2
258 2
259 2
260 2
261 2
262 2
263 2
264 2
265 2
266 0
267 2
268 0
269 2
270 2
271 2
272 2
273 0
274 0
275 2
276 0
277 0
278 2
279 2
280 2
281 2
282 2
283 0
284 2
285 0
286 2
287 0
288 0
289 0
290 2
291 2
292 2
293 0
294 2
295 2
296 0
297 2
298 0
299 2
300 0
301 2
302 2
303 2
304 0
305 2
